16 25 23 24 19 17 17 16 18 17 12 10 24 25 6 18 17 6 10 10 6 11 8 25 22 18 18 12 17 5 16 8 17 15 22 13 13 15 10 25 15 18 20 25 6 18 15 24 9 16 7 15 24 9 18 12 9 19 22 16
10 7 20 18 19 7 8 8 18 7 8 16 14 11 20 17 5 6 17 19 21 20 10 5 25 15 5 16 19 11 14 13 12 22 18 13 6 8 17 5 5 23 23 11 12 17 17 19 21 24 15 11 23 11 18 6 21 8 24 14
5 5 13 22 5 25 9 9 14 8 11 8 13 10 16 12 5 20 19 16 13 19 18 8 18 6 23 9 12 12 21 11 13 8 17 16 12 14 22 13 12 16 24 7 18 17 8 17 17 25 22 16 20 13 12 22 12 14 8 18
25 19 15 7 21 16 23 10 24 14 19 17 10 14 25 21 13 6 8 8 15 13 20 19 11 7 18 6 13 9 13 7 16 23 9 7 6 7 13 7 16 8 21 14 16 25 22 7 10 13 17 23 6 19 22 15 14 10 23 25
25 20 25 13 7 6 11 7 12 17 18 23 16 25 21 9 19 20 13 24 24 9 17 20 19 13 6 18 11 8 5 6 17 11 9 8 16 16 24 12 5 12 15 14 10 8 21 13 17 16 18 7 15 22 5 9 22 12 25 11
23 8 15 7 15 7 12 10 17 13 13 11 21 23 21 8 10 17 15 25 10 13 10 18 18 9 11 22 18 24 24 18 21 22 19 17 23 25 16 5 11 7 10 18 5 7 19 12 9 23 25 17 13 11 10 6 5 19 22 24
25 19 24 20 18 6 8 16 22 14 22 8 15 13 15 12 21 20 13 16 12 20 7 18 19 24 9 7 10 11 17 17 11 21 25 5 18 9 22 22 11 9 14 7 13 13 22 20 15 17 20 8 21 8 5 25 21 19 10 8
18 24 20 8 19 21 23 6 20 23 23 9 7 23 20 7 6 11 23 16 17 24 23 19 14 13 15 22 13 16 6 14 20 11 13 19 17 12 6 23 13 25 23 12 17 5 24 25 11 10 25 25 22 12 12 10 8 8 18 14
18 10 9 23 17 13 15 13 8 5 15 6 15 12 8 23 7 22 10 9 14 24 8 11 7 20 24 6 22 20 6 18 8 10 6 22 18 18 5 7 13 25 7 15 18 15 19 7 23 11 7 6 9 15 7 12 9 20 11 23
22 20 10 16 24 22 15 5 25 24 11 8 7 20 24 6 19 13 14 8 18 6 16 21 6 16 14 21 18 5 15 21 7 10 20 18 22 14 12 18 17 9 14 12 17 22 8 16 13 12 6 20 20 6 9 22 13 20 24 19
