1.9e+01
8.0e+00
1.6e+01
1.9e+01
1.1e+01
2.5e+01
2.0e+01
5.0e+00
2.3e+01
1.1e+01
2.0e+01
8.0e+00
1.8e+01
5.0e+00
1.2e+01
1.3e+01
1.2e+01
6.0e+00
1.1e+01
8.0e+00
8.0e+00
2.3e+01
1.7e+01
9.0e+00
1.8e+01
5.0e+00
6.0e+00
2.3e+01
9.0e+00
2.4e+01
2.4e+01
1.9e+01
2.3e+01
1.3e+01
1.0e+01
5.0e+00
1.1e+01
2.4e+01
1.0e+01
2.2e+01
9.0e+00
2.2e+01
1.5e+01
1.7e+01
7.0e+00
2.4e+01
1.9e+01
1.9e+01
1.1e+01
6.0e+00
1.7e+01
1.8e+01
9.0e+00
2.3e+01
1.4e+01
2.0e+01
7.0e+00
1.7e+01
2.3e+01
7.0e+00
1.5e+01
8.0e+00
1.6e+01
1.6e+01
9.0e+00
2.5e+01
6.0e+00
5.0e+00
5.0e+00
2.5e+01
7.0e+00
1.8e+01
5.0e+00
1.8e+01
6.0e+00
1.0e+01
8.0e+00
1.0e+01
1.6e+01
1.8e+01
2.0e+01
2.2e+01
1.5e+01
2.3e+01
2.5e+01
2.5e+01
6.0e+00
5.0e+00
1.4e+01
2.3e+01
1.1e+01
5.0e+00
2.0e+01
6.0e+00
5.0e+00
7.0e+00
8.0e+00
9.0e+00
1.7e+01
6.0e+00
8.0e+00
1.3e+01
2.2e+01
1.9e+01
5.0e+00
1.8e+01
1.3e+01
2.0e+01
1.6e+01
1.2e+01
2.3e+01
2.5e+01
1.1e+01
1.9e+01
8.0e+00
2.1e+01
9.0e+00
2.2e+01
8.0e+00
2.2e+01
6.0e+00
7.0e+00
1.5e+01
8.0e+00
1.1e+01
1.6e+01
1.7e+01
1.4e+01
7.0e+00
8.0e+00
2.0e+01
1.4e+01
2.3e+01
1.3e+01
1.1e+01
2.5e+01
5.0e+00
2.5e+01
1.8e+01
5.0e+00
8.0e+00
2.0e+01
9.0e+00
9.0e+00
2.5e+01
2.3e+01
6.0e+00
1.5e+01
2.0e+01
2.4e+01
7.0e+00
1.9e+01
7.0e+00
6.0e+00
7.0e+00
1.2e+01
5.0e+00
1.0e+01
1.7e+01
1.2e+01
2.5e+01
1.2e+01
1.0e+01
2.0e+01
1.2e+01
2.4e+01
2.0e+01
1.4e+01
2.1e+01
5.0e+00
2.0e+01
9.0e+00
1.2e+01
1.3e+01
2.2e+01
2.3e+01
1.4e+01
1.4e+01
1.4e+01
2.5e+01
2.1e+01
5.0e+00
8.0e+00
1.1e+01
1.9e+01
1.4e+01
1.7e+01
1.5e+01
2.5e+01
1.3e+01
1.4e+01
1.6e+01
2.1e+01
8.0e+00
6.0e+00
1.9e+01
7.0e+00
6.0e+00
2.2e+01
2.0e+01
1.0e+01
1.6e+01
1.9e+01
1.4e+01
9.0e+00
1.8e+01
1.5e+01
1.0e+01
1.9e+01
6.0e+00
1.0e+01
1.1e+01
7.0e+00
2.3e+01
2.4e+01
1.4e+01
1.2e+01
5.0e+00
2.5e+01
1.6e+01
1.3e+01
8.0e+00
1.3e+01
2.5e+01
9.0e+00
2.4e+01
1.5e+01
6.0e+00
1.1e+01
2.4e+01
1.4e+01
9.0e+00
2.4e+01
6.0e+00
1.8e+01
2.1e+01
2.0e+01
2.1e+01
1.0e+01
1.0e+01
6.0e+00
8.0e+00
2.0e+01
2.4e+01
9.0e+00
2.4e+01
2.4e+01
1.0e+01
2.1e+01
2.0e+01
1.2e+01
1.1e+01
8.0e+00
2.4e+01
5.0e+00
8.0e+00
1.0e+01
2.5e+01
5.0e+00
6.0e+00
9.0e+00
8.0e+00
2.0e+01
1.6e+01
1.4e+01
7.0e+00
2.5e+01
1.1e+01
1.0e+01
2.4e+01
1.7e+01
2.3e+01
1.3e+01
1.6e+01
9.0e+00
8.0e+00
5.0e+00
1.5e+01
2.1e+01
2.3e+01
1.2e+01
5.0e+00
2.0e+01
1.3e+01
2.1e+01
1.5e+01
1.1e+01
1.5e+01
2.2e+01
2.0e+01
1.3e+01
8.0e+00
1.8e+01
2.0e+01
5.0e+00
2.0e+01
1.4e+01
1.2e+01
2.2e+01
1.5e+01
1.9e+01
7.0e+00
2.2e+01
1.6e+01
1.5e+01
1.5e+01
2.3e+01
1.9e+01
2.0e+01
1.6e+01
1.0e+01
2.0e+01
2.0e+01
1.1e+01
1.4e+01
1.5e+01
1.2e+01
2.2e+01
2.0e+01
2.2e+01
2.2e+01
2.4e+01
1.0e+01
1.2e+01
1.9e+01
2.0e+01
1.4e+01
1.6e+01
1.0e+01
1.1e+01
9.0e+00
1.5e+01
1.7e+01
2.5e+01
5.0e+00
1.4e+01
2.1e+01
2.4e+01
2.4e+01
1.9e+01
1.5e+01
1.0e+01
2.4e+01
9.0e+00
1.4e+01
2.4e+01
1.5e+01
1.6e+01
1.9e+01
1.4e+01
1.4e+01
2.2e+01
1.3e+01
1.7e+01
1.0e+01
1.1e+01
6.0e+00
1.6e+01
1.2e+01
9.0e+00
7.0e+00
8.0e+00
1.2e+01
2.4e+01
1.2e+01
1.4e+01
7.0e+00
1.1e+01
1.9e+01
1.5e+01
2.0e+01
2.1e+01
7.0e+00
5.0e+00
1.1e+01
1.1e+01
6.0e+00
1.6e+01
2.5e+01
1.4e+01
2.3e+01
1.3e+01
9.0e+00
1.1e+01
1.5e+01
9.0e+00
2.5e+01
1.4e+01
2.5e+01
2.4e+01
2.5e+01
1.0e+01
1.9e+01
1.4e+01
2.5e+01
1.8e+01
2.1e+01
2.1e+01
9.0e+00
2.1e+01
