2.4e+01
1.8e+01
1.7e+01
1.9e+01
1.9e+01
2.4e+01
2.0e+01
2.3e+01
1.5e+01
2.5e+01
2.1e+01
1.8e+01
1.8e+01
1.8e+01
1.9e+01
2.0e+01
2.5e+01
1.5e+01
2.3e+01
2.1e+01
2.5e+01
2.1e+01
1.7e+01
2.1e+01
2.2e+01
1.9e+01
2.0e+01
1.7e+01
1.8e+01
1.9e+01
1.6e+01
2.2e+01
2.0e+01
2.1e+01
2.1e+01
1.6e+01
2.4e+01
1.6e+01
2.0e+01
2.4e+01
1.6e+01
1.6e+01
2.3e+01
2.1e+01
2.5e+01
2.0e+01
1.6e+01
2.5e+01
2.0e+01
1.9e+01
2.4e+01
1.7e+01
2.5e+01
2.4e+01
1.5e+01
1.8e+01
2.5e+01
2.0e+01
2.3e+01
1.5e+01
1.6e+01
1.9e+01
1.7e+01
1.6e+01
1.5e+01
1.6e+01
1.8e+01
1.9e+01
2.0e+01
1.8e+01
2.1e+01
2.1e+01
1.7e+01
2.2e+01
2.3e+01
2.5e+01
2.2e+01
1.7e+01
1.6e+01
1.9e+01
2.5e+01
1.9e+01
2.0e+01
2.5e+01
2.0e+01
2.0e+01
2.4e+01
2.0e+01
2.4e+01
2.0e+01
2.3e+01
2.1e+01
1.8e+01
2.0e+01
1.8e+01
2.0e+01
2.2e+01
2.2e+01
2.0e+01
1.5e+01
2.1e+01
1.7e+01
2.2e+01
2.0e+01
2.4e+01
2.4e+01
1.5e+01
2.1e+01
1.5e+01
2.5e+01
1.8e+01
2.1e+01
2.4e+01
1.7e+01
2.0e+01
1.9e+01
2.0e+01
1.8e+01
2.2e+01
2.0e+01
2.1e+01
2.4e+01
1.8e+01
1.8e+01
1.7e+01
1.7e+01
2.0e+01
1.7e+01
2.1e+01
2.0e+01
1.8e+01
1.8e+01
2.2e+01
2.3e+01
1.9e+01
2.5e+01
1.9e+01
2.1e+01
2.3e+01
2.0e+01
1.7e+01
2.1e+01
2.2e+01
2.2e+01
1.8e+01
2.2e+01
1.6e+01
1.6e+01
1.9e+01
2.3e+01
1.5e+01
2.1e+01
1.7e+01
1.8e+01
2.2e+01
1.7e+01
1.6e+01
2.1e+01
1.8e+01
1.9e+01
2.4e+01
1.6e+01
1.9e+01
1.5e+01
2.3e+01
2.2e+01
1.7e+01
2.3e+01
2.5e+01
1.6e+01
2.2e+01
1.7e+01
2.1e+01
2.2e+01
2.2e+01
1.6e+01
2.0e+01
2.3e+01
2.1e+01
2.5e+01
1.8e+01
1.6e+01
2.5e+01
2.2e+01
1.8e+01
2.1e+01
2.2e+01
2.4e+01
1.9e+01
1.9e+01
2.1e+01
2.0e+01
2.2e+01
2.5e+01
2.5e+01
2.0e+01
2.5e+01
2.2e+01
1.5e+01
2.2e+01
1.9e+01
2.5e+01
1.8e+01
1.8e+01
2.4e+01
2.2e+01
1.6e+01
2.2e+01
2.1e+01
1.9e+01
1.5e+01
1.8e+01
1.6e+01
2.2e+01
2.5e+01
2.5e+01
2.3e+01
1.6e+01
2.0e+01
1.8e+01
1.5e+01
2.3e+01
1.9e+01
1.6e+01
1.9e+01
2.0e+01
2.1e+01
1.7e+01
2.3e+01
2.1e+01
1.8e+01
1.6e+01
2.1e+01
1.8e+01
2.0e+01
1.6e+01
1.6e+01
2.1e+01
1.6e+01
1.6e+01
1.8e+01
1.6e+01
2.4e+01
1.8e+01
1.7e+01
2.0e+01
1.9e+01
2.4e+01
1.7e+01
1.8e+01
2.4e+01
1.8e+01
2.4e+01
2.2e+01
1.6e+01
1.9e+01
2.3e+01
2.2e+01
1.8e+01
2.1e+01
1.5e+01
1.5e+01
1.7e+01
2.4e+01
1.8e+01
2.0e+01
2.3e+01
2.1e+01
2.3e+01
1.6e+01
1.9e+01
2.4e+01
1.9e+01
1.5e+01
2.2e+01
2.0e+01
2.5e+01
2.0e+01
2.2e+01
1.7e+01
2.5e+01
2.4e+01
2.1e+01
1.5e+01
2.0e+01
2.2e+01
1.7e+01
1.7e+01
1.6e+01
2.0e+01
2.4e+01
1.5e+01
1.5e+01
1.6e+01
2.2e+01
1.7e+01
2.2e+01
2.2e+01
1.7e+01
2.0e+01
2.2e+01
2.0e+01
1.6e+01
2.4e+01
1.7e+01
1.5e+01
1.8e+01
2.3e+01
2.4e+01
2.2e+01
2.1e+01
2.1e+01
1.8e+01
2.1e+01
1.5e+01
2.0e+01
1.8e+01
1.8e+01
1.6e+01
2.0e+01
1.5e+01
1.8e+01
1.8e+01
1.7e+01
2.1e+01
2.3e+01
2.4e+01
2.4e+01
1.8e+01
2.4e+01
1.8e+01
1.9e+01
1.6e+01
2.5e+01
1.9e+01
1.7e+01
1.9e+01
2.4e+01
1.5e+01
1.9e+01
1.9e+01
1.9e+01
2.2e+01
2.4e+01
1.5e+01
2.1e+01
1.8e+01
1.9e+01
2.1e+01
1.6e+01
2.0e+01
2.5e+01
2.4e+01
2.4e+01
2.1e+01
1.6e+01
2.3e+01
2.5e+01
2.4e+01
2.2e+01
2.0e+01
2.4e+01
1.8e+01
2.1e+01
2.0e+01
2.3e+01
2.5e+01
1.7e+01
2.0e+01
1.5e+01
2.1e+01
2.5e+01
2.3e+01
1.6e+01
2.4e+01
1.7e+01
1.7e+01
2.3e+01
2.5e+01
2.0e+01
2.1e+01
2.3e+01
2.2e+01
2.1e+01
1.7e+01
1.9e+01
1.8e+01
2.3e+01
2.0e+01
1.7e+01
1.7e+01
2.0e+01
2.3e+01
2.3e+01
1.6e+01
2.5e+01
2.1e+01
1.9e+01
2.2e+01
1.8e+01
